


Результат умножения матрицы 1:
[[2 0 1 0 1 0 0 0 0 0 0 0 1 0 0 0 0 0 0 0 0 1 0 1 0 0 0 0 0 0 0]
 [0 0 0 1 0 1 1 0 0 0 0 0 0 0 0 0 0 0 0 0 0 0 0 0 0 0 0 0 0 0 0]
 [1 0 0 0 1 0 0 0 0 0 0 0 0 0 0 0 0 0 0 0 0 0 0 0 0 0 0 0 1 0 0]
 [0 0 0 0 0 0 0 1 0 0 0 0 0 0 0 0 0 0 0 0 0 0 0 0 0 0 0 0 0 0 0]
 [0 0 0 0 1 0 0 0 1 0 0 0 0 0 0 0 0 0 0 0 0 0 0 0 0 0 0 0 0 0 0]
 [0 1 0 1 0 1 0 0 0 0 0 1 0 0 0 0 0 0 1 0 0 0 1 0 0 0 0 0 0 0 0]
 [0 0 0 0 0 0 0 0 0 0 0 0 1 0 0 0 0 0 0 0 0 0 0 0 0 0 0 0 0 0 0]
 [0 0 0 0 0 0 0 1 0 1 0 0 0 0 0 0 0 0 0 0 0 0 0 0 0 0 0 0 0 0 0]
 [0 0 0 0 0 0 0 0 0 0 1 0 0 0 0 0 0 0 0 0 0 0 0 0 0 0 0 0 0 0 0]
 [0 0 0 0 0 0 0 0 0 0 0 1 0 0 0 0 0 0 0 0 0 0 0 0 0 0 0 0 0 0 0]
 [0 0 0 0 0 0 0 0 0 0 0 0 1 0 0 0 0 0 0 0 0 0 0 1 0 0 0 0 0 0 0]
 [0 0 0 0 0 0 0 0 0 0 0 0 0 1 0 0 0 0 0 0 0 0 0 0 2 0 0 0 0 0 0]
 [0 0 0 0 0 0 0 0 0 0 0 0 1 0 1 0 0 0 0 0 0 0 0 0 1 1 0 0 0 0 0]
 [0 0 0 0 0 0 0 0 0 0 0 0 0 1 0 1 0 0 0 0 0 0 0 0 1 1 0 0 0 0 0]
 [0 0 0 0 0 0 0 0 0 0 0 0 0 0 0 0 1 0 0 0 0 0 0 0 0 0 0 0 0 0 0]
 [1 0 0 0 0 0 0 0 0 0 0 0 0 0 0 0 0 0 0 0 0 0 0 0 0 0 0 0 0 0 0]
 [0 1 0 1 0 1 0 0 0 0 0 1 0 0 0 0 0 0 1 0 0 0 1 0 0 0 0 0 0 0 0]
 [0 0 0 0 0 0 0 0 0 0 0 0 0 0 0 0 0 0 0 0 0 1 0 0 0 0 0 0 0 0 0]
 [1 0 0 0 0 0 0 0 0 0 0 0 0 0 0 0 0 0 0 0 0 0 1 0 0 0 0 0 0 0 0]
 [1 0 0 0 0 0 0 0 0 0 0 0 0 0 0 0 0 0 0 0 0 0 1 0 0 0 0 0 0 0 0]
 [1 0 0 0 0 0 0 0 0 0 0 0 0 0 0 0 0 0 0 0 0 0 1 0 0 0 0 0 0 0 0]
 [1 1 0 1 0 1 0 0 0 0 0 1 0 0 0 0 0 0 1 0 0 0 1 0 0 0 0 0 0 0 0]
 [0 1 0 1 0 1 0 0 0 0 0 1 0 0 0 0 0 0 1 0 0 0 1 0 0 0 0 0 0 0 0]
 [0 0 0 0 0 0 0 0 0 0 0 0 0 0 0 0 0 0 0 0 0 0 0 0 0 1 0 0 0 0 0]
 [0 0 0 0 0 0 0 0 0 0 0 0 0 0 0 0 0 0 0 0 0 0 0 0 0 0 1 0 0 0 0]
 [1 0 0 0 0 0 0 0 0 0 0 0 0 0 0 0 0 0 0 0 0 0 0 0 0 0 0 1 0 0 0]
 [0 1 0 1 0 1 0 0 0 0 0 1 0 0 0 0 0 0 1 0 0 0 1 0 0 0 0 0 0 1 0]
 [0 0 0 0 0 0 0 0 0 0 0 0 0 0 0 0 0 0 0 0 0 0 0 0 0 0 0 0 0 0 1]
 [0 0 0 0 0 0 0 0 0 0 0 0 0 1 0 0 0 0 0 0 0 0 0 0 1 0 0 0 0 0 0]
 [0 0 0 0 0 0 0 0 0 0 0 0 0 0 0 0 0 1 1 1 0 0 0 0 0 0 0 0 0 0 0]
 [0 0 0 0 0 0 0 0 0 0 0 0 0 0 0 0 0 0 0 0 1 2 0 0 0 0 0 0 0 0 0]]


Результат умножения матрицы 2:
[[1 2 0 3 0 3 1 1 0 0 0 2 0 1 0 0 0 0 2 0 0 0 3 0 2 0 0 0 0 0 0]
 [1 0 0 0 1 0 0 0 0 0 0 0 0 0 0 0 0 0 0 0 0 0 0 0 0 0 0 0 1 0 0]
 [0 1 0 1 0 1 0 1 0 0 0 1 1 0 0 0 0 0 1 0 0 0 1 0 0 0 0 0 0 0 0]
 [0 0 0 0 1 0 0 0 1 0 0 0 0 0 0 0 0 0 0 0 0 0 0 0 0 0 0 0 0 0 0]
 [0 0 0 0 0 0 0 1 0 1 0 0 0 0 0 0 0 0 0 0 0 0 0 0 0 0 0 0 0 0 0]
 [2 0 1 0 1 0 0 0 0 0 0 0 1 0 0 0 0 0 0 0 0 1 0 1 0 0 0 0 0 0 0]
 [0 0 0 0 0 0 0 0 0 0 0 0 0 1 0 0 0 0 0 0 0 0 0 0 1 0 0 0 0 0 0]
 [0 0 0 0 1 0 0 0 1 0 1 0 0 0 0 0 0 0 0 0 0 0 0 0 0 0 0 0 0 0 0]
 [0 0 0 0 0 0 0 0 0 0 0 1 0 0 0 0 0 0 0 0 0 0 0 0 0 0 0 0 0 0 0]
 [0 0 0 0 0 0 0 0 0 0 0 0 1 0 0 0 0 0 0 0 0 0 0 1 0 0 0 0 0 0 0]
 [0 0 0 0 0 0 0 0 0 0 0 0 0 1 0 0 0 0 0 0 0 0 0 0 2 0 0 0 0 0 0]
 [0 0 0 0 0 0 0 0 0 0 0 0 1 0 1 0 0 0 0 0 0 0 0 0 1 2 0 0 0 0 0]
 [0 0 0 0 0 0 0 0 0 0 0 0 0 1 0 1 0 0 0 0 0 0 0 0 1 1 1 0 0 0 0]
 [0 0 0 0 0 0 0 0 0 0 0 0 1 0 1 0 1 0 0 0 0 0 0 0 1 1 1 0 0 0 0]
 [1 0 0 0 0 0 0 0 0 0 0 0 0 0 0 0 0 0 0 0 0 0 0 0 0 0 0 0 0 0 0]
 [0 1 0 1 0 1 0 0 0 0 0 1 0 0 0 0 0 0 1 0 0 0 1 0 0 0 0 0 0 0 0]
 [2 0 1 0 1 0 0 0 0 0 0 0 1 0 0 0 0 0 0 0 0 1 0 1 0 0 0 0 0 0 0]
 [1 0 0 0 0 0 0 0 0 0 0 0 0 0 0 0 0 0 0 0 0 0 1 0 0 0 0 0 0 0 0]
 [1 1 0 1 0 1 0 0 0 0 0 1 0 0 0 0 0 0 1 0 0 0 1 0 0 0 0 0 0 0 0]
 [1 1 0 1 0 1 0 0 0 0 0 1 0 0 0 0 0 0 1 0 0 0 1 0 0 0 0 0 0 0 0]
 [1 1 0 1 0 1 0 0 0 0 0 1 0 0 0 0 0 0 1 0 0 0 1 0 0 0 0 0 0 0 0]
 [2 1 1 1 1 1 0 0 0 0 0 1 1 0 0 0 0 0 1 0 0 1 1 1 0 0 0 0 0 0 0]
 [2 0 1 0 1 0 0 0 0 0 0 0 1 0 0 0 0 0 0 0 0 1 0 1 0 0 0 0 0 0 0]
 [0 0 0 0 0 0 0 0 0 0 0 0 0 0 0 0 0 0 0 0 0 0 0 0 0 0 1 0 0 0 0]
 [1 0 0 0 0 0 0 0 0 0 0 0 0 0 0 0 0 0 0 0 0 0 0 0 0 0 0 1 0 0 0]
 [0 1 0 1 0 1 0 0 0 0 0 1 0 0 0 0 0 0 1 0 0 0 1 0 0 0 0 0 0 1 0]
 [2 0 1 0 1 0 0 0 0 0 0 0 1 0 0 0 0 0 0 0 0 1 0 1 0 0 0 0 0 0 1]
 [0 0 0 0 0 0 0 0 0 0 0 0 0 0 0 0 0 1 1 1 0 0 0 0 0 0 0 0 0 0 0]
 [0 0 0 0 0 0 0 0 0 0 0 0 1 0 1 0 0 0 0 0 0 0 0 0 1 1 0 0 0 0 0]
 [0 0 0 0 0 0 0 0 0 0 0 0 0 0 0 0 0 0 0 0 1 2 0 0 0 0 0 0 0 0 0]
 [2 0 0 0 0 0 0 0 0 0 0 0 0 0 0 0 0 0 0 0 0 1 2 0 0 0 0 0 0 0 0]]


Результат умножения матрицы 3:
[[6 1 2 1 4 1 0 0 1 0 0 1 3 0 1 0 0 0 1 0 0 2 1 2 1 2 0 0 1 0 0]
 [0 1 0 1 0 1 0 1 0 0 0 1 1 0 0 0 0 0 1 0 0 0 1 0 0 0 0 0 0 0 0]
 [2 0 1 0 2 0 0 0 1 0 0 0 1 1 0 0 0 0 0 0 0 1 0 1 1 0 0 0 0 0 0]
 [0 0 0 0 0 0 0 1 0 1 0 0 0 0 0 0 0 0 0 0 0 0 0 0 0 0 0 0 0 0 0]
 [0 0 0 0 1 0 0 0 1 0 1 0 0 0 0 0 0 0 0 0 0 0 0 0 0 0 0 0 0 0 0]
 [1 2 0 3 0 3 1 1 0 0 0 2 0 1 0 0 0 0 2 0 0 0 3 0 2 0 0 0 0 0 0]
 [0 0 0 0 0 0 0 0 0 0 0 0 1 0 1 0 0 0 0 0 0 0 0 0 1 1 0 0 0 0 0]
 [0 0 0 0 0 0 0 1 0 1 0 1 0 0 0 0 0 0 0 0 0 0 0 0 0 0 0 0 0 0 0]
 [0 0 0 0 0 0 0 0 0 0 0 0 1 0 0 0 0 0 0 0 0 0 0 1 0 0 0 0 0 0 0]
 [0 0 0 0 0 0 0 0 0 0 0 0 0 1 0 0 0 0 0 0 0 0 0 0 2 0 0 0 0 0 0]
 [0 0 0 0 0 0 0 0 0 0 0 0 1 0 1 0 0 0 0 0 0 0 0 0 1 2 0 0 0 0 0]
 [0 0 0 0 0 0 0 0 0 0 0 0 0 1 0 1 0 0 0 0 0 0 0 0 1 1 2 0 0 0 0]
 [1 0 0 0 0 0 0 0 0 0 0 0 1 0 1 0 1 0 0 0 0 0 0 0 1 1 1 1 0 0 0]
 [2 0 0 0 0 0 0 0 0 0 0 0 0 1 0 1 0 0 0 0 0 0 0 0 1 1 1 1 0 0 0]
 [0 1 0 1 0 1 0 0 0 0 0 1 0 0 0 0 0 0 1 0 0 0 1 0 0 0 0 0 0 0 0]
 [2 0 1 0 1 0 0 0 0 0 0 0 1 0 0 0 0 0 0 0 0 1 0 1 0 0 0 0 0 0 0]
 [1 2 0 3 0 3 1 1 0 0 0 2 0 1 0 0 0 0 2 0 0 0 3 0 2 0 0 0 0 0 0]
 [1 1 0 1 0 1 0 0 0 0 0 1 0 0 0 0 0 0 1 0 0 0 1 0 0 0 0 0 0 0 0]
 [2 1 1 1 1 1 0 0 0 0 0 1 1 0 0 0 0 0 1 0 0 1 1 1 0 0 0 0 0 0 0]
 [2 1 1 1 1 1 0 0 0 0 0 1 1 0 0 0 0 0 1 0 0 1 1 1 0 0 0 0 0 0 0]
 [2 1 1 1 1 1 0 0 0 0 0 1 1 0 0 0 0 0 1 0 0 1 1 1 0 0 0 0 0 0 0]
 [3 2 1 3 1 3 1 1 0 0 0 2 1 1 0 0 0 0 2 0 0 1 3 1 2 0 0 0 0 0 0]
 [1 2 0 3 0 3 1 1 0 0 0 2 0 1 0 0 0 0 2 0 0 0 3 0 2 0 0 0 0 0 0]
 [1 0 0 0 0 0 0 0 0 0 0 0 0 0 0 0 0 0 0 0 0 0 0 0 0 0 0 1 0 0 0]
 [0 1 0 1 0 1 0 0 0 0 0 1 0 0 0 0 0 0 1 0 0 0 1 0 0 0 0 0 0 1 0]
 [2 0 1 0 1 0 0 0 0 0 0 0 1 0 0 0 0 0 0 0 0 1 0 1 0 0 0 0 0 0 1]
 [1 2 0 3 0 3 1 1 0 0 0 2 0 1 0 0 0 1 3 1 0 0 3 0 2 0 0 0 0 0 0]
 [0 0 0 0 0 0 0 0 0 0 0 0 0 0 0 0 0 0 0 0 1 2 0 0 0 0 0 0 0 0 0]
 [0 0 0 0 0 0 0 0 0 0 0 0 0 1 0 1 0 0 0 0 0 0 0 0 1 1 1 0 0 0 0]
 [2 0 0 0 0 0 0 0 0 0 0 0 0 0 0 0 0 0 0 0 0 1 2 0 0 0 0 0 0 0 0]
 [3 2 0 2 0 2 0 0 0 0 0 2 0 0 0 0 0 0 2 0 0 0 3 0 0 0 0 0 0 0 0]]


Результат умножения матрицы 4:
[[4 6 1 8 1 8 2 4 0 1 0 6 2 3 0 1 0 0 6 0 0 1 8 1 5 1 2 0 0 0 0]
 [2 0 1 0 2 0 0 0 1 0 0 0 1 1 0 0 0 0 0 0 0 1 0 1 1 0 0 0 0 0 0]
 [1 2 0 3 0 3 1 2 0 1 0 2 1 1 1 0 0 0 2 0 0 0 3 0 3 1 0 0 0 0 0]
 [0 0 0 0 1 0 0 0 1 0 1 0 0 0 0 0 0 0 0 0 0 0 0 0 0 0 0 0 0 0 0]
 [0 0 0 0 0 0 0 1 0 1 0 1 0 0 0 0 0 0 0 0 0 0 0 0 0 0 0 0 0 0 0]
 [6 1 2 1 4 1 0 0 1 0 0 1 3 0 1 0 0 0 1 0 0 2 1 2 1 2 0 0 1 0 0]
 [0 0 0 0 0 0 0 0 0 0 0 0 0 1 0 1 0 0 0 0 0 0 0 0 1 1 1 0 0 0 0]
 [0 0 0 0 1 0 0 0 1 0 1 0 1 0 0 0 0 0 0 0 0 0 0 1 0 0 0 0 0 0 0]
 [0 0 0 0 0 0 0 0 0 0 0 0 0 1 0 0 0 0 0 0 0 0 0 0 2 0 0 0 0 0 0]
 [0 0 0 0 0 0 0 0 0 0 0 0 1 0 1 0 0 0 0 0 0 0 0 0 1 2 0 0 0 0 0]
 [0 0 0 0 0 0 0 0 0 0 0 0 0 1 0 1 0 0 0 0 0 0 0 0 1 1 2 0 0 0 0]
 [2 0 0 0 0 0 0 0 0 0 0 0 1 0 1 0 1 0 0 0 0 0 0 0 1 1 1 2 0 0 0]
 [2 1 0 1 0 1 0 0 0 0 0 1 0 1 0 1 0 0 1 0 0 0 1 0 1 1 1 1 0 1 0]
 [1 2 0 2 0 2 0 0 0 0 0 2 1 0 1 0 1 0 2 0 0 0 2 0 1 1 1 1 0 1 0]
 [2 0 1 0 1 0 0 0 0 0 0 0 1 0 0 0 0 0 0 0 0 1 0 1 0 0 0 0 0 0 0]
 [1 2 0 3 0 3 1 1 0 0 0 2 0 1 0 0 0 0 2 0 0 0 3 0 2 0 0 0 0 0 0]
 [6 1 2 1 4 1 0 0 1 0 0 1 3 0 1 0 0 0 1 0 0 2 1 2 1 2 0 0 1 0 0]
 [2 1 1 1 1 1 0 0 0 0 0 1 1 0 0 0 0 0 1 0 0 1 1 1 0 0 0 0 0 0 0]
 [3 2 1 3 1 3 1 1 0 0 0 2 1 1 0 0 0 0 2 0 0 1 3 1 2 0 0 0 0 0 0]
 [3 2 1 3 1 3 1 1 0 0 0 2 1 1 0 0 0 0 2 0 0 1 3 1 2 0 0 0 0 0 0]
 [3 2 1 3 1 3 1 1 0 0 0 2 1 1 0 0 0 0 2 0 0 1 3 1 2 0 0 0 0 0 0]
 [7 3 2 4 4 4 1 1 1 0 0 3 3 1 1 0 0 0 3 0 0 2 4 2 3 2 0 0 1 0 0]
 [6 1 2 1 4 1 0 0 1 0 0 1 3 0 1 0 0 0 1 0 0 2 1 2 1 2 0 0 1 0 0]
 [0 1 0 1 0 1 0 0 0 0 0 1 0 0 0 0 0 0 1 0 0 0 1 0 0 0 0 0 0 1 0]
 [2 0 1 0 1 0 0 0 0 0 0 0 1 0 0 0 0 0 0 0 0 1 0 1 0 0 0 0 0 0 1]
 [1 2 0 3 0 3 1 1 0 0 0 2 0 1 0 0 0 1 3 1 0 0 3 0 2 0 0 0 0 0 0]
 [6 1 2 1 4 1 0 0 1 0 0 1 3 0 1 0 0 0 1 0 1 4 1 2 1 2 0 0 1 0 0]
 [2 0 0 0 0 0 0 0 0 0 0 0 0 0 0 0 0 0 0 0 0 1 2 0 0 0 0 0 0 0 0]
 [1 0 0 0 0 0 0 0 0 0 0 0 1 0 1 0 1 0 0 0 0 0 0 0 1 1 1 1 0 0 0]
 [3 2 0 2 0 2 0 0 0 0 0 2 0 0 0 0 0 0 2 0 0 0 3 0 0 0 0 0 0 0 0]
 [5 3 2 3 2 3 0 0 0 0 0 3 2 0 0 0 0 0 3 0 0 2 3 2 0 0 0 0 0 0 0]]


Результат умножения матрицы 5:
[[19  4  6  5 12  5  1  1  4  0  1  4  9  2  3  0  1  0  4  0  0  6  5  6
   6  5  1  2  2  0  0]
 [ 1  2  0  3  0  3  1  2  0  1  0  2  1  1  1  0  0  0  2  0  0  0  3  0
   3  1  0  0  0  0  0]
 [ 6  1  2  1  5  1  0  0  2  0  1  1  3  1  1  1  0  0  1  0  0  2  1  2
   2  3  1  0  1  0  0]
 [ 0  0  0  0  0  0  0  1  0  1  0  1  0  0  0  0  0  0  0  0  0  0  0  0
   0  0  0  0  0  0  0]
 [ 0  0  0  0  1  0  0  0  1  0  1  0  1  0  0  0  0  0  0  0  0  0  0  1
   0  0  0  0  0  0  0]
 [ 4  6  1  8  1  8  2  4  0  1  0  6  2  3  0  1  0  0  6  0  0  1  8  1
   5  1  2  0  0  0  0]
 [ 1  0  0  0  0  0  0  0  0  0  0  0  1  0  1  0  1  0  0  0  0  0  0  0
   1  1  1  1  0  0  0]
 [ 0  0  0  0  0  0  0  1  0  1  0  1  0  1  0  0  0  0  0  0  0  0  0  0
   2  0  0  0  0  0  0]
 [ 0  0  0  0  0  0  0  0  0  0  0  0  1  0  1  0  0  0  0  0  0  0  0  0
   1  2  0  0  0  0  0]
 [ 0  0  0  0  0  0  0  0  0  0  0  0  0  1  0  1  0  0  0  0  0  0  0  0
   1  1  2  0  0  0  0]
 [ 2  0  0  0  0  0  0  0  0  0  0  0  1  0  1  0  1  0  0  0  0  0  0  0
   1  1  1  2  0  0  0]
 [ 2  2  0  2  0  2  0  0  0  0  0  2  0  1  0  1  0  0  2  0  0  0  2  0
   1  1  1  1  0  2  0]
 [ 3  2  1  2  1  2  0  0  0  0  0  2  2  0  1  0  1  0  2  0  0  1  2  1
   1  1  1  1  0  1  1]
 [ 6  1  2  1  2  1  0  0  0  0  0  1  2  1  0  1  0  0  1  0  0  2  1  2
   1  1  1  1  0  1  1]
 [ 1  2  0  3  0  3  1  1  0  0  0  2  0  1  0  0  0  0  2  0  0  0  3  0
   2  0  0  0  0  0  0]
 [ 6  1  2  1  4  1  0  0  1  0  0  1  3  0  1  0  0  0  1  0  0  2  1  2
   1  2  0  0  1  0  0]
 [ 4  6  1  8  1  8  2  4  0  1  0  6  2  3  0  1  0  0  6  0  0  1  8  1
   5  1  2  0  0  0  0]
 [ 3  2  1  3  1  3  1  1  0  0  0  2  1  1  0  0  0  0  2  0  0  1  3  1
   2  0  0  0  0  0  0]
 [ 7  3  2  4  4  4  1  1  1  0  0  3  3  1  1  0  0  0  3  0  0  2  4  2
   3  2  0  0  1  0  0]
 [ 7  3  2  4  4  4  1  1  1  0  0  3  3  1  1  0  0  0  3  0  0  2  4  2
   3  2  0  0  1  0  0]
 [ 7  3  2  4  4  4  1  1  1  0  0  3  3  1  1  0  0  0  3  0  0  2  4  2
   3  2  0  0  1  0  0]
 [10  7  3  9  5  9  2  4  1  1  0  7  5  3  1  1  0  0  7  0  0  3  9  3
   6  3  2  0  1  0  0]
 [ 4  6  1  8  1  8  2  4  0  1  0  6  2  3  0  1  0  0  6  0  0  1  8  1
   5  1  2  0  0  0  0]
 [ 2  0  1  0  1  0  0  0  0  0  0  0  1  0  0  0  0  0  0  0  0  1  0  1
   0  0  0  0  0  0  1]
 [ 1  2  0  3  0  3  1  1  0  0  0  2  0  1  0  0  0  1  3  1  0  0  3  0
   2  0  0  0  0  0  0]
 [ 6  1  2  1  4  1  0  0  1  0  0  1  3  0  1  0  0  0  1  0  1  4  1  2
   1  2  0  0  1  0  0]
 [ 6  6  1  8  1  8  2  4  0  1  0  6  2  3  0  1  0  0  6  0  0  2 10  1
   5  1  2  0  0  0  0]
 [ 3  2  0  2  0  2  0  0  0  0  0  2  0  0  0  0  0  0  2  0  0  0  3  0
   0  0  0  0  0  0  0]
 [ 2  1  0  1  0  1  0  0  0  0  0  1  0  1  0  1  0  0  1  0  0  0  1  0
   1  1  1  1  0  1  0]
 [ 5  3  2  3  2  3  0  0  0  0  0  3  2  0  0  0  0  0  3  0  0  2  3  2
   0  0  0  0  0  0  0]
 [ 8  5  3  7  3  7  2  2  0  0  0  5  3  2  0  0  0  0  5  0  0  3  7  3
   4  0  0  0  0  0  0]]


Результат умножения матрицы 6:
[[18 19  4 25  6 25  6 12  1  4  0 20  8  9  2  3  0  0 19  0  0  4 25  4
  17  6  5  1  1  2  0]
 [ 6  1  2  1  5  1  0  0  2  0  1  1  3  1  1  1  0  0  1  0  0  2  1  2
   2  3  1  0  1  0  0]
 [ 5  6  1  8  1  8  2  5  0  2  0  7  3  3  1  1  1  0  6  0  0  1  8  1
   6  2  3  1  0  0  0]
 [ 0  0  0  0  1  0  0  0  1  0  1  0  1  0  0  0  0  0  0  0  0  0  0  1
   0  0  0  0  0  0  0]
 [ 0  0  0  0  0  0  0  1  0  1  0  1  0  1  0  0  0  0  0  0  0  0  0  0
   2  0  0  0  0  0  0]
 [19  4  6  5 12  5  1  1  4  0  1  4  9  2  3  0  1  0  4  0  0  6  5  6
   6  5  1  2  2  0  0]
 [ 2  1  0  1  0  1  0  0  0  0  0  1  0  1  0  1  0  0  1  0  0  0  1  0
   1  1  1  1  0  1  0]
 [ 0  0  0  0  1  0  0  0  1  0  1  0  2  0  1  0  0  0  0  0  0  0  0  1
   1  2  0  0  0  0  0]
 [ 0  0  0  0  0  0  0  0  0  0  0  0  0  1  0  1  0  0  0  0  0  0  0  0
   1  1  2  0  0  0  0]
 [ 2  0  0  0  0  0  0  0  0  0  0  0  1  0  1  0  1  0  0  0  0  0  0  0
   1  1  1  2  0  0  0]
 [ 2  2  0  2  0  2  0  0  0  0  0  2  0  1  0  1  0  0  2  0  0  0  2  0
   1  1  1  1  0  2  0]
 [ 5  2  2  2  2  2  0  0  0  0  0  2  3  0  1  0  1  0  2  0  0  2  2  2
   1  1  1  1  0  1  2]
 [ 7  3  2  4  2  4  1  1  0  0  0  3  2  2  0  1  0  1  4  1  0  2  4  2
   3  1  1  1  0  1  1]
 [ 5  6  1  8  1  8  2  2  0  0  0  6  2  2  1  0  1  1  7  1  0  1  8  1
   5  1  1  1  0  1  1]
 [ 6  1  2  1  4  1  0  0  1  0  0  1  3  0  1  0  0  0  1  0  0  2  1  2
   1  2  0  0  1  0  0]
 [ 4  6  1  8  1  8  2  4  0  1  0  6  2  3  0  1  0  0  6  0  0  1  8  1
   5  1  2  0  0  0  0]
 [19  4  6  5 12  5  1  1  4  0  1  4  9  2  3  0  1  0  4  0  0  6  5  6
   6  5  1  2  2  0  0]
 [ 7  3  2  4  4  4  1  1  1  0  0  3  3  1  1  0  0  0  3  0  0  2  4  2
   3  2  0  0  1  0  0]
 [10  7  3  9  5  9  2  4  1  1  0  7  5  3  1  1  0  0  7  0  0  3  9  3
   6  3  2  0  1  0  0]
 [10  7  3  9  5  9  2  4  1  1  0  7  5  3  1  1  0  0  7  0  0  3  9  3
   6  3  2  0  1  0  0]
 [10  7  3  9  5  9  2  4  1  1  0  7  5  3  1  1  0  0  7  0  0  3  9  3
   6  3  2  0  1  0  0]
 [23 10  7 13 13 13  3  5  4  1  1 10 11  5  3  1  1  0 10  0  0  7 13  7
  11  6  3  2  2  0  0]
 [19  4  6  5 12  5  1  1  4  0  1  4  9  2  3  0  1  0  4  0  0  6  5  6
   6  5  1  2  2  0  0]
 [ 1  2  0  3  0  3  1  1  0  0  0  2  0  1  0  0  0  1  3  1  0  0  3  0
   2  0  0  0  0  0  0]
 [ 6  1  2  1  4  1  0  0  1  0  0  1  3  0  1  0  0  0  1  0  1  4  1  2
   1  2  0  0  1  0  0]
 [ 6  6  1  8  1  8  2  4  0  1  0  6  2  3  0  1  0  0  6  0  0  2 10  1
   5  1  2  0  0  0  0]
 [22  6  6  7 12  7  1  1  4  0  1  6  9  2  3  0  1  0  6  0  0  6  8  6
   6  5  1  2  2  0  0]
 [ 5  3  2  3  2  3  0  0  0  0  0  3  2  0  0  0  0  0  3  0  0  2  3  2
   0  0  0  0  0  0  0]
 [ 3  2  1  2  1  2  0  0  0  0  0  2  2  0  1  0  1  0  2  0  0  1  2  1
   1  1  1  1  0  1  1]
 [ 8  5  3  7  3  7  2  2  0  0  0  5  3  2  0  0  0  0  5  0  0  3  7  3
   4  0  0  0  0  0  0]
 [17  8  5 11  9 11  3  3  2  0  0  8  7  3  2  0  0  0  8  0  0  5 11  5
   8  4  0  0  2  0  0]]


Результат умножения матрицы 7:
[[59 18 19 22 37 22  4  6 12  1  4 18 30  8  9  2  3  0 18  0  0 19 22 20
  21 17  6  5  6  1  2]
 [ 5  6  1  8  1  8  2  5  0  2  0  7  3  3  1  1  1  0  6  0  0  1  8  1
   6  2  3  1  0  0  0]
 [21  5  6  6 13  6  1  1  5  0  2  5 10  3  3  1  1  0  5  0  0  6  6  7
   7  6  2  3  2  1  0]
 [ 0  0  0  0  0  0  0  1  0  1  0  1  0  1  0  0  0  0  0  0  0  0  0  0
   2  0  0  0  0  0  0]
 [ 0  0  0  0  1  0  0  0  1  0  1  0  2  0  1  0  0  0  0  0  0  0  0  1
   1  2  0  0  0  0  0]
 [18 19  4 25  6 25  6 12  1  4  0 20  8  9  2  3  0  0 19  0  0  4 25  4
  17  6  5  1  1  2  0]
 [ 3  2  1  2  1  2  0  0  0  0  0  2  2  0  1  0  1  0  2  0  0  1  2  1
   1  1  1  1  0  1  1]
 [ 0  0  0  0  0  0  0  1  0  1  0  1  0  2  0  1  0  0  0  0  0  0  0  0
   3  1  2  0  0  0  0]
 [ 2  0  0  0  0  0  0  0  0  0  0  0  1  0  1  0  1  0  0  0  0  0  0  0
   1  1  1  2  0  0  0]
 [ 2  2  0  2  0  2  0  0  0  0  0  2  0  1  0  1  0  0  2  0  0  0  2  0
   1  1  1  1  0  2  0]
 [ 5  2  2  2  2  2  0  0  0  0  0  2  3  0  1  0  1  0  2  0  0  2  2  2
   1  1  1  1  0  1  2]
 [ 8  5  2  7  2  7  2  2  0  0  0  5  2  3  0  1  0  2  7  2  0  2  7  2
   5  1  1  1  0  1  1]
 [11  7  3  9  5  9  2  2  1  0  0  7  5  2  2  0  1  1  8  1  1  5  9  3
   6  3  1  1  1  1  1]
 [19  5  6  6 10  6  1  1  2  0  0  5  8  2  2  1  0  1  6  1  1  8  6  6
   5  5  1  1  2  1  1]
 [ 4  6  1  8  1  8  2  4  0  1  0  6  2  3  0  1  0  0  6  0  0  1  8  1
   5  1  2  0  0  0  0]
 [19  4  6  5 12  5  1  1  4  0  1  4  9  2  3  0  1  0  4  0  0  6  5  6
   6  5  1  2  2  0  0]
 [18 19  4 25  6 25  6 12  1  4  0 20  8  9  2  3  0  0 19  0  0  4 25  4
  17  6  5  1  1  2  0]
 [10  7  3  9  5  9  2  4  1  1  0  7  5  3  1  1  0  0  7  0  0  3  9  3
   6  3  2  0  1  0  0]
 [23 10  7 13 13 13  3  5  4  1  1 10 11  5  3  1  1  0 10  0  0  7 13  7
  11  6  3  2  2  0  0]
 [23 10  7 13 13 13  3  5  4  1  1 10 11  5  3  1  1  0 10  0  0  7 13  7
  11  6  3  2  2  0  0]
 [23 10  7 13 13 13  3  5  4  1  1 10 11  5  3  1  1  0 10  0  0  7 13  7
  11  6  3  2  2  0  0]
 [37 23 10 30 18 30  7 13  5  4  1 24 17 11  5  3  1  0 23  0  0 10 30 10
  23 11  6  3  3  2  0]
 [18 19  4 25  6 25  6 12  1  4  0 20  8  9  2  3  0  0 19  0  0  4 25  4
  17  6  5  1  1  2  0]
 [ 6  1  2  1  4  1  0  0  1  0  0  1  3  0  1  0  0  0  1  0  1  4  1  2
   1  2  0  0  1  0  0]
 [ 6  6  1  8  1  8  2  4  0  1  0  6  2  3  0  1  0  0  6  0  0  2 10  1
   5  1  2  0  0  0  0]
 [22  6  6  7 12  7  1  1  4  0  1  6  9  2  3  0  1  0  6  0  0  6  8  6
   6  5  1  2  2  0  0]
 [23 22  6 28  8 28  6 12  1  4  0 23 10  9  2  3  0  0 22  0  0  6 28  6
  17  6  5  1  1  2  0]
 [ 8  5  3  7  3  7  2  2  0  0  0  5  3  2  0  0  0  0  5  0  0  3  7  3
   4  0  0  0  0  0  0]
 [ 7  3  2  4  2  4  1  1  0  0  0  3  2  2  0  1  0  1  4  1  0  2  4  2
   3  1  1  1  0  1  1]
 [17  8  5 11  9 11  3  3  2  0  0  8  7  3  2  0  0  0  8  0  0  5 11  5
   8  4  0  0  2  0  0]
 [27 17  8 22 14 22  5  9  3  2  0 17 13  7  3  2  0  0 17  0  0  8 22  8
  15  8  4  0  3  0  0]]


Результат умножения матрицы 8:
[[72 59 18 78 28 78 19 37  6 12  1 63 32 30  8  9  2  2 61  2  0 18 78 18
  58 21 17  6  4  5  1]
 [21  5  6  6 13  6  1  1  5  0  2  5 10  3  3  1  1  0  5  0  0  6  6  7
   7  6  2  3  2  1  0]
 [21 21  5 27  7 27  6 13  1  5  0 23 10 10  3  3  1  0 21  0  0  5 27  5
  20  7  6  2  1  3  1]
 [ 0  0  0  0  1  0  0  0  1  0  1  0  2  0  1  0  0  0  0  0  0  0  0  1
   1  2  0  0  0  0  0]
 [ 0  0  0  0  0  0  0  1  0  1  0  1  0  2  0  1  0  0  0  0  0  0  0  0
   3  1  2  0  0  0  0]
 [59 18 19 22 37 22  4  6 12  1  4 18 30  8  9  2  3  0 18  0  0 19 22 20
  21 17  6  5  6  1  2]
 [ 7  3  2  4  2  4  1  1  0  0  0  3  2  2  0  1  0  1  4  1  0  2  4  2
   3  1  1  1  0  1  1]
 [ 2  0  0  0  1  0  0  0  1  0  1  0  3  0  2  0  1  0  0  0  0  0  0  1
   2  3  1  2  0  0  0]
 [ 2  2  0  2  0  2  0  0  0  0  0  2  0  1  0  1  0  0  2  0  0  0  2  0
   1  1  1  1  0  2  0]
 [ 5  2  2  2  2  2  0  0  0  0  0  2  3  0  1  0  1  0  2  0  0  2  2  2
   1  1  1  1  0  1  2]
 [ 8  5  2  7  2  7  2  2  0  0  0  5  2  3  0  1  0  2  7  2  0  2  7  2
   5  1  1  1  0  1  1]
 [17  8  5 10  9 10  2  2  2  0  0  8  8  2  3  0  1  1  9  1  2  9 10  5
   7  5  1  1  2  1  1]
 [25 11  7 14 11 14  3  5  2  1  0 11 10  5  2  2  0  1 12  1  1 10 16  7
  10  6  3  1  2  1  1]
 [21 19  5 25  7 25  6 10  1  2  0 19  9  8  2  2  1  1 20  1  1  8 27  5
  16  5  5  1  1  1  1]
 [19  4  6  5 12  5  1  1  4  0  1  4  9  2  3  0  1  0  4  0  0  6  5  6
   6  5  1  2  2  0  0]
 [18 19  4 25  6 25  6 12  1  4  0 20  8  9  2  3  0  0 19  0  0  4 25  4
  17  6  5  1  1  2  0]
 [59 18 19 22 37 22  4  6 12  1  4 18 30  8  9  2  3  0 18  0  0 19 22 20
  21 17  6  5  6  1  2]
 [23 10  7 13 13 13  3  5  4  1  1 10 11  5  3  1  1  0 10  0  0  7 13  7
  11  6  3  2  2  0  0]
 [37 23 10 30 18 30  7 13  5  4  1 24 17 11  5  3  1  0 23  0  0 10 30 10
  23 11  6  3  3  2  0]
 [37 23 10 30 18 30  7 13  5  4  1 24 17 11  5  3  1  0 23  0  0 10 30 10
  23 11  6  3  3  2  0]
 [37 23 10 30 18 30  7 13  5  4  1 24 17 11  5  3  1  0 23  0  0 10 30 10
  23 11  6  3  3  2  0]
 [77 37 23 47 43 47 10 18 13  5  4 38 38 17 11  5  3  0 37  0  0 23 47 24
  38 23 11  6  7  3  2]
 [59 18 19 22 37 22  4  6 12  1  4 18 30  8  9  2  3  0 18  0  0 19 22 20
  21 17  6  5  6  1  2]
 [ 6  6  1  8  1  8  2  4  0  1  0  6  2  3  0  1  0  0  6  0  0  2 10  1
   5  1  2  0  0  0  0]
 [22  6  6  7 12  7  1  1  4  0  1  6  9  2  3  0  1  0  6  0  0  6  8  6
   6  5  1  2  2  0  0]
 [23 22  6 28  8 28  6 12  1  4  0 23 10  9  2  3  0  0 22  0  0  6 28  6
  17  6  5  1  1  2  0]
 [67 23 22 29 40 29  6  8 12  1  4 23 33 10  9  2  3  0 23  0  0 22 29 23
  25 17  6  5  6  1  2]
 [17  8  5 11  9 11  3  3  2  0  0  8  7  3  2  0  0  0  8  0  0  5 11  5
   8  4  0  0  2  0  0]
 [11  7  3  9  5  9  2  2  1  0  0  7  5  2  2  0  1  1  8  1  1  5  9  3
   6  3  1  1  1  1  1]
 [27 17  8 22 14 22  5  9  3  2  0 17 13  7  3  2  0  0 17  0  0  8 22  8
  15  8  4  0  3  0  0]
 [56 27 17 35 31 35  8 14  9  3  2 27 27 13  7  3  2  0 27  0  0 17 35 17
  28 15  8  4  5  0  0]]


Результат умножения матрицы 9:
[[193  72  59  90 115  90  18  28  37   6  12  73  97  32  30   8   9   1
   73   1   2  63  90  63  80  58  21  17  19   6   5]
 [ 21  21   5  27   7  27   6  13   1   5   0  23  10  10   3   3   1   0
   21   0   0   5  27   5  20   7   6   2   1   3   1]
 [ 66  21  21  26  40  26   5   7  13   1   5  21  34  10  10   3   3   1
   22   1   0  21  26  23  25  20   7   6   6   2   3]
 [  0   0   0   0   0   0   0   1   0   1   0   1   0   2   0   1   0   0
    0   0   0   0   0   0   3   1   2   0   0   0   0]
 [  2   0   0   0   1   0   0   0   1   0   1   0   3   0   2   0   1   0
    0   0   0   0   0   1   2   3   1   2   0   0   0]
 [ 72  59  18  78  28  78  19  37   6  12   1  63  32  30   8   9   2   2
   61   2   0  18  78  18  58  21  17   6   4   5   1]
 [ 11   7   3   9   5   9   2   2   1   0   0   7   5   2   2   0   1   1
    8   1   1   5   9   3   6   3   1   1   1   1   1]
 [  2   2   0   2   0   2   0   1   0   1   0   3   0   3   0   2   0   0
    2   0   0   0   2   0   4   2   3   1   0   2   0]
 [  5   2   2   2   2   2   0   0   0   0   0   2   3   0   1   0   1   0
    2   0   0   2   2   2   1   1   1   1   0   1   2]
 [  8   5   2   7   2   7   2   2   0   0   0   5   2   3   0   1   0   2
    7   2   0   2   7   2   5   1   1   1   0   1   1]
 [ 17   8   5  10   9  10   2   2   2   0   0   8   8   2   3   0   1   1
    9   1   2   9  10   5   7   5   1   1   2   1   1]
 [ 31  17   8  22  12  22   5   9   2   2   0  17  12   8   2   3   0   1
   18   1   1  12  26   8  15   7   5   1   2   1   1]
 [ 43  25  11  32  19  32   7  11   5   2   1  25  18  10   5   2   2   1
   26   1   1  14  35  11  22  10   6   3   3   1   1]
 [ 66  21  19  26  35  26   5   7  10   1   2  21  28   9   8   2   2   1
   22   1   1  22  29  19  22  16   5   5   6   1   1]
 [ 18  19   4  25   6  25   6  12   1   4   0  20   8   9   2   3   0   0
   19   0   0   4  25   4  17   6   5   1   1   2   0]
 [ 59  18  19  22  37  22   4   6  12   1   4  18  30   8   9   2   3   0
   18   0   0  19  22  20  21  17   6   5   6   1   2]
 [ 72  59  18  78  28  78  19  37   6  12   1  63  32  30   8   9   2   2
   61   2   0  18  78  18  58  21  17   6   4   5   1]
 [ 37  23  10  30  18  30   7  13   5   4   1  24  17  11   5   3   1   0
   23   0   0  10  30  10  23  11   6   3   3   2   0]
 [ 77  37  23  47  43  47  10  18  13   5   4  38  38  17  11   5   3   0
   37   0   0  23  47  24  38  23  11   6   7   3   2]
 [ 77  37  23  47  43  47  10  18  13   5   4  38  38  17  11   5   3   0
   37   0   0  23  47  24  38  23  11   6   7   3   2]
 [ 77  37  23  47  43  47  10  18  13   5   4  38  38  17  11   5   3   0
   37   0   0  23  47  24  38  23  11   6   7   3   2]
 [131  77  37 100  65 100  23  43  18  13   5  81  62  38  17  11   5   2
   79   2   0  37 100  38  79  38  23  11  10   6   3]
 [ 72  59  18  78  28  78  19  37   6  12   1  63  32  30   8   9   2   2
   61   2   0  18  78  18  58  21  17   6   4   5   1]
 [ 22   6   6   7  12   7   1   1   4   0   1   6   9   2   3   0   1   0
    6   0   0   6   8   6   6   5   1   2   2   0   0]
 [ 23  22   6  28   8  28   6  12   1   4   0  23  10   9   2   3   0   0
   22   0   0   6  28   6  17   6   5   1   1   2   0]
 [ 67  23  22  29  40  29   6   8  12   1   4  23  33  10   9   2   3   0
   23   0   0  22  29  23  25  17   6   5   6   1   2]
 [ 89  67  23  89  37  89  22  40   8  12   1  71  39  33  10   9   2   2
   69   2   0  23  89  23  66  25  17   6   6   5   1]
 [ 27  17   8  22  14  22   5   9   3   2   0  17  13   7   3   2   0   0
   17   0   0   8  22   8  15   8   4   0   3   0   0]
 [ 25  11   7  14  11  14   3   5   2   1   0  11  10   5   2   2   0   1
   12   1   1  10  16   7  10   6   3   1   2   1   1]
 [ 56  27  17  35  31  35   8  14   9   3   2  27  27  13   7   3   2   0
   27   0   0  17  35  17  28  15   8   4   5   0   0]
 [ 97  56  27  73  49  73  17  31  14   9   3  58  45  27  13   7   3   0
   56   0   0  27  73  27  57  28  15   8   8   4   0]]


Результат умножения матрицы 10:
[[273 193  72 252 118 252  59 115  28  37   6 205 124  97  32  30   8   5
  198   5   1  76 256  73 192  80  58  21  18  17   6]
 [ 66  21  21  26  40  26   5   7  13   1   5  21  34  10  10   3   3   1
   22   1   0  21  26  23  25  20   7   6   6   2   3]
 [ 83  66  21  87  33  87  21  40   7  13   1  71  37  34  10  10   3   3
   69   3   1  23  87  21  67  25  20   7   5   6   2]
 [  2   0   0   0   1   0   0   0   1   0   1   0   3   0   2   0   1   0
    0   0   0   0   0   1   2   3   1   2   0   0   0]
 [  2   2   0   2   0   2   0   1   0   1   0   3   0   3   0   2   0   0
    2   0   0   0   2   0   4   2   3   1   0   2   0]
 [193  72  59  90 115  90  18  28  37   6  12  73  97  32  30   8   9   1
   73   1   2  63  90  63  80  58  21  17  19   6   5]
 [ 25  11   7  14  11  14   3   5   2   1   0  11  10   5   2   2   0   1
   12   1   1  10  16   7  10   6   3   1   2   1   1]
 [  7   2   2   2   3   2   0   0   1   0   1   2   6   0   3   0   2   0
    2   0   0   2   2   3   3   4   2   3   0   1   2]
 [  8   5   2   7   2   7   2   2   0   0   0   5   2   3   0   1   0   2
    7   2   0   2   7   2   5   1   1   1   0   1   1]
 [ 17   8   5  10   9  10   2   2   2   0   0   8   8   2   3   0   1   1
    9   1   2   9  10   5   7   5   1   1   2   1   1]
 [ 31  17   8  22  12  22   5   9   2   2   0  17  12   8   2   3   0   1
   18   1   1  12  26   8  15   7   5   1   2   1   1]
 [ 65  31  17  39  31  39   8  12   9   2   2  31  27  12   8   2   3   1
   32   1   1  20  43  17  28  15   7   5   5   1   1]
 [ 89  43  25  54  43  54  11  19  11   5   2  44  38  18  10   5   2   1
   44   1   1  28  57  25  39  22  10   6   7   3   1]
 [ 84  66  21  85  33  85  19  35   7  10   1  68  36  28   9   8   2   1
   67   1   1  24  88  21  56  22  16   5   5   5   1]
 [ 59  18  19  22  37  22   4   6  12   1   4  18  30   8   9   2   3   0
   18   0   0  19  22  20  21  17   6   5   6   1   2]
 [ 72  59  18  78  28  78  19  37   6  12   1  63  32  30   8   9   2   2
   61   2   0  18  78  18  58  21  17   6   4   5   1]
 [193  72  59  90 115  90  18  28  37   6  12  73  97  32  30   8   9   1
   73   1   2  63  90  63  80  58  21  17  19   6   5]
 [ 77  37  23  47  43  47  10  18  13   5   4  38  38  17  11   5   3   0
   37   0   0  23  47  24  38  23  11   6   7   3   2]
 [131  77  37 100  65 100  23  43  18  13   5  81  62  38  17  11   5   2
   79   2   0  37 100  38  79  38  23  11  10   6   3]
 [131  77  37 100  65 100  23  43  18  13   5  81  62  38  17  11   5   2
   79   2   0  37 100  38  79  38  23  11  10   6   3]
 [131  77  37 100  65 100  23  43  18  13   5  81  62  38  17  11   5   2
   79   2   0  37 100  38  79  38  23  11  10   6   3]
 [265 131  77 168 143 168  37  65  43  18  13 136 129  62  38  17  11   3
  134   3   2  81 168  81 138  79  38  23  23  11   6]
 [193  72  59  90 115  90  18  28  37   6  12  73  97  32  30   8   9   1
   73   1   2  63  90  63  80  58  21  17  19   6   5]
 [ 23  22   6  28   8  28   6  12   1   4   0  23  10   9   2   3   0   0
   22   0   0   6  28   6  17   6   5   1   1   2   0]
 [ 67  23  22  29  40  29   6   8  12   1   4  23  33  10   9   2   3   0
   23   0   0  22  29  23  25  17   6   5   6   1   2]
 [ 89  67  23  89  37  89  22  40   8  12   1  71  39  33  10   9   2   2
   69   2   0  23  89  23  66  25  17   6   6   5   1]
 [220  89  67 112 129 112  23  37  40   8  12  90 110  39  33  10   9   1
   90   1   2  71 112  71  95  66  25  17  22   6   5]
 [ 56  27  17  35  31  35   8  14   9   3   2  27  27  13   7   3   2   0
   27   0   0  17  35  17  28  15   8   4   5   0   0]
 [ 43  25  11  32  19  32   7  11   5   2   1  25  18  10   5   2   2   1
   26   1   1  14  35  11  22  10   6   3   3   1   1]
 [ 97  56  27  73  49  73  17  31  14   9   3  58  45  27  13   7   3   0
   56   0   0  27  73  27  57  28  15   8   8   4   0]
 [191  97  56 124 104 124  27  49  31  14   9 100  93  45  27  13   7   0
   97   0   0  56 124  58  99  57  28  15  17   8   4]]


Результат умножения матрицы 11:
[[650 273 193 345 367 345  72 118 115  28  37 279 320 124  97  32  30   6
  279   6   5 204 349 205 294 192  80  58  59  21  17]
 [ 83  66  21  87  33  87  21  40   7  13   1  71  37  34  10  10   3   3
   69   3   1  23  87  21  67  25  20   7   5   6   2]
 [220  83  66 104 127 104  21  33  40   7  13  84 110  37  34  10  10   2
   85   2   3  73 106  71  92  67  25  20  21   7   6]
 [  2   2   0   2   0   2   0   1   0   1   0   3   0   3   0   2   0   0
    2   0   0   0   2   0   4   2   3   1   0   2   0]
 [  7   2   2   2   3   2   0   0   1   0   1   2   6   0   3   0   2   0
    2   0   0   2   2   3   3   4   2   3   0   1   2]
 [273 193  72 252 118 252  59 115  28  37   6 205 124  97  32  30   8   5
  198   5   1  76 256  73 192  80  58  21  18  17   6]
 [ 43  25  11  32  19  32   7  11   5   2   1  25  18  10   5   2   2   1
   26   1   1  14  35  11  22  10   6   3   3   1   1]
 [ 10   7   2   9   2   9   2   3   0   1   0   8   2   6   0   3   0   2
    9   2   0   2   9   2   9   3   4   2   0   3   1]
 [ 17   8   5  10   9  10   2   2   2   0   0   8   8   2   3   0   1   1
    9   1   2   9  10   5   7   5   1   1   2   1   1]
 [ 31  17   8  22  12  22   5   9   2   2   0  17  12   8   2   3   0   1
   18   1   1  12  26   8  15   7   5   1   2   1   1]
 [ 65  31  17  39  31  39   8  12   9   2   2  31  27  12   8   2   3   1
   32   1   1  20  43  17  28  15   7   5   5   1   1]
 [112  65  31  82  51  82  17  31  12   9   2  67  48  27  12   8   2   1
   66   1   1  34  85  31  56  28  15   7   8   5   1]
 [151  89  43 114  73 114  25  43  19  11   5  91  69  38  18  10   5   1
   90   1   1  46 117  44  81  39  22  10  11   6   3]
 [215  84  66 105 120 105  21  33  35   7  10  85 101  36  28   9   8   1
   85   1   1  69 108  68  85  56  22  16  19   5   5]
 [ 72  59  18  78  28  78  19  37   6  12   1  63  32  30   8   9   2   2
   61   2   0  18  78  18  58  21  17   6   4   5   1]
 [193  72  59  90 115  90  18  28  37   6  12  73  97  32  30   8   9   1
   73   1   2  63  90  63  80  58  21  17  19   6   5]
 [273 193  72 252 118 252  59 115  28  37   6 205 124  97  32  30   8   5
  198   5   1  76 256  73 192  80  58  21  18  17   6]
 [131  77  37 100  65 100  23  43  18  13   5  81  62  38  17  11   5   2
   79   2   0  37 100  38  79  38  23  11  10   6   3]
 [265 131  77 168 143 168  37  65  43  18  13 136 129  62  38  17  11   3
  134   3   2  81 168  81 138  79  38  23  23  11   6]
 [265 131  77 168 143 168  37  65  43  18  13 136 129  62  38  17  11   3
  134   3   2  81 168  81 138  79  38  23  23  11   6]
 [265 131  77 168 143 168  37  65  43  18  13 136 129  62  38  17  11   3
  134   3   2  81 168  81 138  79  38  23  23  11   6]
 [466 265 131 342 233 342  77 143  65  43  18 278 221 129  62  38  17   6
  271   6   3 139 346 136 272 138  79  38  37  23  11]
 [273 193  72 252 118 252  59 115  28  37   6 205 124  97  32  30   8   5
  198   5   1  76 256  73 192  80  58  21  18  17   6]
 [ 67  23  22  29  40  29   6   8  12   1   4  23  33  10   9   2   3   0
   23   0   0  22  29  23  25  17   6   5   6   1   2]
 [ 89  67  23  89  37  89  22  40   8  12   1  71  39  33  10   9   2   2
   69   2   0  23  89  23  66  25  17   6   6   5   1]
 [220  89  67 112 129 112  23  37  40   8  12  90 110  39  33  10   9   1
   90   1   2  71 112  71  95  66  25  17  22   6   5]
 [329 220  89 287 149 287  67 129  37  40   8 232 151 110  39  33  10   5
  225   5   1  93 291  90 220  95  66  25  23  17   6]
 [ 97  56  27  73  49  73  17  31  14   9   3  58  45  27  13   7   3   0
   56   0   0  27  73  27  57  28  15   8   8   4   0]
 [ 89  43  25  54  43  54  11  19  11   5   2  44  38  18  10   5   2   1
   44   1   1  28  57  25  39  22  10   6   7   3   1]
 [191  97  56 124 104 124  27  49  31  14   9 100  93  45  27  13   7   0
   97   0   0  56 124  58  99  57  28  15  17   8   4]
 [339 191  97 247 173 247  56 104  49  31  14 200 162  93  45  27  13   4
  195   4   0  97 247 100 196  99  57  28  27  15   8]]
На главной диагонали исчезли все нули после 11 умножения
Матрица была умножена 11 раз